(kicad_pcb (version 20171130) (host pcbnew 5.99.0+really5.1.10+dfsg1-1)

  (general
    (thickness 1.6)
    (drawings 4)
    (tracks 0)
    (zones 0)
    (modules 40)
    (nets 50)
  )

  (page A4)
  (layers
    (0 F.Cu signal)
    (31 B.Cu signal)
    (32 B.Adhes user)
    (33 F.Adhes user)
    (34 B.Paste user)
    (35 F.Paste user)
    (36 B.SilkS user)
    (37 F.SilkS user)
    (38 B.Mask user)
    (39 F.Mask user)
    (40 Dwgs.User user)
    (41 Cmts.User user)
    (42 Eco1.User user)
    (43 Eco2.User user)
    (44 Edge.Cuts user)
    (45 Margin user)
    (46 B.CrtYd user)
    (47 F.CrtYd user)
    (48 B.Fab user)
    (49 F.Fab user)
  )

  (setup
    (last_trace_width 0.25)
    (trace_clearance 0.2)
    (zone_clearance 0.508)
    (zone_45_only no)
    (trace_min 0.2)
    (via_size 0.8)
    (via_drill 0.4)
    (via_min_size 0.4)
    (via_min_drill 0.3)
    (uvia_size 0.3)
    (uvia_drill 0.1)
    (uvias_allowed no)
    (uvia_min_size 0.2)
    (uvia_min_drill 0.1)
    (edge_width 0.05)
    (segment_width 0.2)
    (pcb_text_width 0.3)
    (pcb_text_size 1.5 1.5)
    (mod_edge_width 0.12)
    (mod_text_size 1 1)
    (mod_text_width 0.15)
    (pad_size 1.524 1.524)
    (pad_drill 0.762)
    (pad_to_mask_clearance 0)
    (aux_axis_origin 0 0)
    (visible_elements FFFFFF7F)
    (pcbplotparams
      (layerselection 0x010fc_ffffffff)
      (usegerberextensions false)
      (usegerberattributes true)
      (usegerberadvancedattributes true)
      (creategerberjobfile true)
      (excludeedgelayer true)
      (linewidth 0.100000)
      (plotframeref false)
      (viasonmask false)
      (mode 1)
      (useauxorigin false)
      (hpglpennumber 1)
      (hpglpenspeed 20)
      (hpglpendiameter 15.000000)
      (psnegative false)
      (psa4output false)
      (plotreference true)
      (plotvalue true)
      (plotinvisibletext false)
      (padsonsilk false)
      (subtractmaskfromsilk false)
      (outputformat 1)
      (mirror false)
      (drillshape 1)
      (scaleselection 1)
      (outputdirectory ""))
  )

  (net 0 "")
  (net 1 GNDREF)
  (net 2 VCC)
  (net 3 Vin)
  (net 4 3.3V)
  (net 5 "Net-(C5-Pad2)")
  (net 6 "Net-(C6-Pad2)")
  (net 7 5V)
  (net 8 "Net-(D1-Pad2)")
  (net 9 "Net-(D2-Pad2)")
  (net 10 "Net-(D3-Pad1)")
  (net 11 "Net-(D3-Pad2)")
  (net 12 5VUSB)
  (net 13 Rx)
  (net 14 Tx)
  (net 15 D12)
  (net 16 D13)
  (net 17 D11)
  (net 18 Reset)
  (net 19 A5)
  (net 20 A4)
  (net 21 A3)
  (net 22 A2)
  (net 23 A1)
  (net 24 A0)
  (net 25 D2)
  (net 26 D3)
  (net 27 D4)
  (net 28 D5)
  (net 29 D6)
  (net 30 D7)
  (net 31 D8)
  (net 32 D9)
  (net 33 D10)
  (net 34 "Net-(J9-Pad8)")
  (net 35 "Net-(R2-Pad1)")
  (net 36 "Net-(C10-Pad2)")
  (net 37 "Net-(J10-Pad5)")
  (net 38 "Net-(J10-Pad1)")
  (net 39 "Net-(U4-Pad3)")
  (net 40 "Net-(U4-Pad6)")
  (net 41 "Net-(U4-Pad9)")
  (net 42 "Net-(U4-Pad10)")
  (net 43 "Net-(U4-Pad11)")
  (net 44 "Net-(U4-Pad12)")
  (net 45 "Net-(U4-Pad13)")
  (net 46 "Net-(U4-Pad14)")
  (net 47 "Net-(Q1-Pad1)")
  (net 48 +5V)
  (net 49 "Net-(U2-Pad1)")

  (net_class Default "This is the default net class."
    (clearance 0.2)
    (trace_width 0.25)
    (via_dia 0.8)
    (via_drill 0.4)
    (uvia_dia 0.3)
    (uvia_drill 0.1)
    (add_net +5V)
    (add_net 3.3V)
    (add_net 5V)
    (add_net 5VUSB)
    (add_net A0)
    (add_net A1)
    (add_net A2)
    (add_net A3)
    (add_net A4)
    (add_net A5)
    (add_net D10)
    (add_net D11)
    (add_net D12)
    (add_net D13)
    (add_net D2)
    (add_net D3)
    (add_net D4)
    (add_net D5)
    (add_net D6)
    (add_net D7)
    (add_net D8)
    (add_net D9)
    (add_net GNDREF)
    (add_net "Net-(C10-Pad2)")
    (add_net "Net-(C5-Pad2)")
    (add_net "Net-(C6-Pad2)")
    (add_net "Net-(D1-Pad2)")
    (add_net "Net-(D2-Pad2)")
    (add_net "Net-(D3-Pad1)")
    (add_net "Net-(D3-Pad2)")
    (add_net "Net-(J10-Pad1)")
    (add_net "Net-(J10-Pad5)")
    (add_net "Net-(J9-Pad8)")
    (add_net "Net-(Q1-Pad1)")
    (add_net "Net-(R2-Pad1)")
    (add_net "Net-(U2-Pad1)")
    (add_net "Net-(U4-Pad10)")
    (add_net "Net-(U4-Pad11)")
    (add_net "Net-(U4-Pad12)")
    (add_net "Net-(U4-Pad13)")
    (add_net "Net-(U4-Pad14)")
    (add_net "Net-(U4-Pad3)")
    (add_net "Net-(U4-Pad6)")
    (add_net "Net-(U4-Pad9)")
    (add_net Reset)
    (add_net Rx)
    (add_net Tx)
    (add_net VCC)
    (add_net Vin)
  )

  (module Capacitor_SMD:C_0402_1005Metric (layer F.Cu) (tedit 5F68FEEE) (tstamp 61A0B521)
    (at 123.19 10.16 90)
    (descr "Capacitor SMD 0402 (1005 Metric), square (rectangular) end terminal, IPC_7351 nominal, (Body size source: IPC-SM-782 page 76, https://www.pcb-3d.com/wordpress/wp-content/uploads/ipc-sm-782a_amendment_1_and_2.pdf), generated with kicad-footprint-generator")
    (tags capacitor)
    (path /61A22029)
    (attr smd)
    (fp_text reference C1 (at 0 -1.16 90) (layer F.SilkS)
      (effects (font (size 1 1) (thickness 0.15)))
    )
    (fp_text value 100nF (at 0 1.16 90) (layer F.Fab)
      (effects (font (size 1 1) (thickness 0.15)))
    )
    (fp_line (start -0.5 0.25) (end -0.5 -0.25) (layer F.Fab) (width 0.1))
    (fp_line (start -0.5 -0.25) (end 0.5 -0.25) (layer F.Fab) (width 0.1))
    (fp_line (start 0.5 -0.25) (end 0.5 0.25) (layer F.Fab) (width 0.1))
    (fp_line (start 0.5 0.25) (end -0.5 0.25) (layer F.Fab) (width 0.1))
    (fp_line (start -0.107836 -0.36) (end 0.107836 -0.36) (layer F.SilkS) (width 0.12))
    (fp_line (start -0.107836 0.36) (end 0.107836 0.36) (layer F.SilkS) (width 0.12))
    (fp_line (start -0.91 0.46) (end -0.91 -0.46) (layer F.CrtYd) (width 0.05))
    (fp_line (start -0.91 -0.46) (end 0.91 -0.46) (layer F.CrtYd) (width 0.05))
    (fp_line (start 0.91 -0.46) (end 0.91 0.46) (layer F.CrtYd) (width 0.05))
    (fp_line (start 0.91 0.46) (end -0.91 0.46) (layer F.CrtYd) (width 0.05))
    (fp_text user %R (at 0 0 90) (layer F.Fab)
      (effects (font (size 0.25 0.25) (thickness 0.04)))
    )
    (pad 1 smd roundrect (at -0.48 0 90) (size 0.56 0.62) (layers F.Cu F.Paste F.Mask) (roundrect_rratio 0.25)
      (net 1 GNDREF))
    (pad 2 smd roundrect (at 0.48 0 90) (size 0.56 0.62) (layers F.Cu F.Paste F.Mask) (roundrect_rratio 0.25)
      (net 2 VCC))
    (model ${KISYS3DMOD}/Capacitor_SMD.3dshapes/C_0402_1005Metric.wrl
      (at (xyz 0 0 0))
      (scale (xyz 1 1 1))
      (rotate (xyz 0 0 0))
    )
  )

  (module Capacitor_SMD:C_0402_1005Metric (layer F.Cu) (tedit 5F68FEEE) (tstamp 61A0B532)
    (at 124.46 10.16 90)
    (descr "Capacitor SMD 0402 (1005 Metric), square (rectangular) end terminal, IPC_7351 nominal, (Body size source: IPC-SM-782 page 76, https://www.pcb-3d.com/wordpress/wp-content/uploads/ipc-sm-782a_amendment_1_and_2.pdf), generated with kicad-footprint-generator")
    (tags capacitor)
    (path /61CAEA9C)
    (attr smd)
    (fp_text reference C2 (at 0 -1.16 90) (layer F.SilkS)
      (effects (font (size 1 1) (thickness 0.15)))
    )
    (fp_text value 100nF (at 0 1.16 90) (layer F.Fab)
      (effects (font (size 1 1) (thickness 0.15)))
    )
    (fp_line (start -0.5 0.25) (end -0.5 -0.25) (layer F.Fab) (width 0.1))
    (fp_line (start -0.5 -0.25) (end 0.5 -0.25) (layer F.Fab) (width 0.1))
    (fp_line (start 0.5 -0.25) (end 0.5 0.25) (layer F.Fab) (width 0.1))
    (fp_line (start 0.5 0.25) (end -0.5 0.25) (layer F.Fab) (width 0.1))
    (fp_line (start -0.107836 -0.36) (end 0.107836 -0.36) (layer F.SilkS) (width 0.12))
    (fp_line (start -0.107836 0.36) (end 0.107836 0.36) (layer F.SilkS) (width 0.12))
    (fp_line (start -0.91 0.46) (end -0.91 -0.46) (layer F.CrtYd) (width 0.05))
    (fp_line (start -0.91 -0.46) (end 0.91 -0.46) (layer F.CrtYd) (width 0.05))
    (fp_line (start 0.91 -0.46) (end 0.91 0.46) (layer F.CrtYd) (width 0.05))
    (fp_line (start 0.91 0.46) (end -0.91 0.46) (layer F.CrtYd) (width 0.05))
    (fp_text user %R (at 0 0 90) (layer F.Fab)
      (effects (font (size 0.25 0.25) (thickness 0.04)))
    )
    (pad 1 smd roundrect (at -0.48 0 90) (size 0.56 0.62) (layers F.Cu F.Paste F.Mask) (roundrect_rratio 0.25)
      (net 1 GNDREF))
    (pad 2 smd roundrect (at 0.48 0 90) (size 0.56 0.62) (layers F.Cu F.Paste F.Mask) (roundrect_rratio 0.25)
      (net 3 Vin))
    (model ${KISYS3DMOD}/Capacitor_SMD.3dshapes/C_0402_1005Metric.wrl
      (at (xyz 0 0 0))
      (scale (xyz 1 1 1))
      (rotate (xyz 0 0 0))
    )
  )

  (module Capacitor_SMD:C_0402_1005Metric (layer F.Cu) (tedit 5F68FEEE) (tstamp 61A0B543)
    (at 124.655001 17.235001)
    (descr "Capacitor SMD 0402 (1005 Metric), square (rectangular) end terminal, IPC_7351 nominal, (Body size source: IPC-SM-782 page 76, https://www.pcb-3d.com/wordpress/wp-content/uploads/ipc-sm-782a_amendment_1_and_2.pdf), generated with kicad-footprint-generator")
    (tags capacitor)
    (path /61A21A84)
    (attr smd)
    (fp_text reference C3 (at 0 -1.16) (layer F.SilkS)
      (effects (font (size 1 1) (thickness 0.15)))
    )
    (fp_text value C_Small (at 0 1.16) (layer F.Fab)
      (effects (font (size 1 1) (thickness 0.15)))
    )
    (fp_line (start -0.5 0.25) (end -0.5 -0.25) (layer F.Fab) (width 0.1))
    (fp_line (start -0.5 -0.25) (end 0.5 -0.25) (layer F.Fab) (width 0.1))
    (fp_line (start 0.5 -0.25) (end 0.5 0.25) (layer F.Fab) (width 0.1))
    (fp_line (start 0.5 0.25) (end -0.5 0.25) (layer F.Fab) (width 0.1))
    (fp_line (start -0.107836 -0.36) (end 0.107836 -0.36) (layer F.SilkS) (width 0.12))
    (fp_line (start -0.107836 0.36) (end 0.107836 0.36) (layer F.SilkS) (width 0.12))
    (fp_line (start -0.91 0.46) (end -0.91 -0.46) (layer F.CrtYd) (width 0.05))
    (fp_line (start -0.91 -0.46) (end 0.91 -0.46) (layer F.CrtYd) (width 0.05))
    (fp_line (start 0.91 -0.46) (end 0.91 0.46) (layer F.CrtYd) (width 0.05))
    (fp_line (start 0.91 0.46) (end -0.91 0.46) (layer F.CrtYd) (width 0.05))
    (fp_text user %R (at 0 0) (layer F.Fab)
      (effects (font (size 0.25 0.25) (thickness 0.04)))
    )
    (pad 1 smd roundrect (at -0.48 0) (size 0.56 0.62) (layers F.Cu F.Paste F.Mask) (roundrect_rratio 0.25)
      (net 1 GNDREF))
    (pad 2 smd roundrect (at 0.48 0) (size 0.56 0.62) (layers F.Cu F.Paste F.Mask) (roundrect_rratio 0.25)
      (net 2 VCC))
    (model ${KISYS3DMOD}/Capacitor_SMD.3dshapes/C_0402_1005Metric.wrl
      (at (xyz 0 0 0))
      (scale (xyz 1 1 1))
      (rotate (xyz 0 0 0))
    )
  )

  (module Capacitor_SMD:C_0402_1005Metric (layer F.Cu) (tedit 5F68FEEE) (tstamp 61A0B554)
    (at 115.57 10.64 90)
    (descr "Capacitor SMD 0402 (1005 Metric), square (rectangular) end terminal, IPC_7351 nominal, (Body size source: IPC-SM-782 page 76, https://www.pcb-3d.com/wordpress/wp-content/uploads/ipc-sm-782a_amendment_1_and_2.pdf), generated with kicad-footprint-generator")
    (tags capacitor)
    (path /61CB2EBD)
    (attr smd)
    (fp_text reference C4 (at 0 -1.16 90) (layer F.SilkS)
      (effects (font (size 1 1) (thickness 0.15)))
    )
    (fp_text value 100uF (at 0 1.16 90) (layer F.Fab)
      (effects (font (size 1 1) (thickness 0.15)))
    )
    (fp_line (start 0.91 0.46) (end -0.91 0.46) (layer F.CrtYd) (width 0.05))
    (fp_line (start 0.91 -0.46) (end 0.91 0.46) (layer F.CrtYd) (width 0.05))
    (fp_line (start -0.91 -0.46) (end 0.91 -0.46) (layer F.CrtYd) (width 0.05))
    (fp_line (start -0.91 0.46) (end -0.91 -0.46) (layer F.CrtYd) (width 0.05))
    (fp_line (start -0.107836 0.36) (end 0.107836 0.36) (layer F.SilkS) (width 0.12))
    (fp_line (start -0.107836 -0.36) (end 0.107836 -0.36) (layer F.SilkS) (width 0.12))
    (fp_line (start 0.5 0.25) (end -0.5 0.25) (layer F.Fab) (width 0.1))
    (fp_line (start 0.5 -0.25) (end 0.5 0.25) (layer F.Fab) (width 0.1))
    (fp_line (start -0.5 -0.25) (end 0.5 -0.25) (layer F.Fab) (width 0.1))
    (fp_line (start -0.5 0.25) (end -0.5 -0.25) (layer F.Fab) (width 0.1))
    (fp_text user %R (at 0 0 90) (layer F.Fab)
      (effects (font (size 0.25 0.25) (thickness 0.04)))
    )
    (pad 2 smd roundrect (at 0.48 0 90) (size 0.56 0.62) (layers F.Cu F.Paste F.Mask) (roundrect_rratio 0.25)
      (net 1 GNDREF))
    (pad 1 smd roundrect (at -0.48 0 90) (size 0.56 0.62) (layers F.Cu F.Paste F.Mask) (roundrect_rratio 0.25)
      (net 4 3.3V))
    (model ${KISYS3DMOD}/Capacitor_SMD.3dshapes/C_0402_1005Metric.wrl
      (at (xyz 0 0 0))
      (scale (xyz 1 1 1))
      (rotate (xyz 0 0 0))
    )
  )

  (module Capacitor_SMD:C_0402_1005Metric (layer F.Cu) (tedit 5F68FEEE) (tstamp 61A0B565)
    (at 120.65 10.64 90)
    (descr "Capacitor SMD 0402 (1005 Metric), square (rectangular) end terminal, IPC_7351 nominal, (Body size source: IPC-SM-782 page 76, https://www.pcb-3d.com/wordpress/wp-content/uploads/ipc-sm-782a_amendment_1_and_2.pdf), generated with kicad-footprint-generator")
    (tags capacitor)
    (path /61A1D165)
    (attr smd)
    (fp_text reference C5 (at 0 -1.16 90) (layer F.SilkS)
      (effects (font (size 1 1) (thickness 0.15)))
    )
    (fp_text value 22pf (at 0 1.16 90) (layer F.Fab)
      (effects (font (size 1 1) (thickness 0.15)))
    )
    (fp_line (start 0.91 0.46) (end -0.91 0.46) (layer F.CrtYd) (width 0.05))
    (fp_line (start 0.91 -0.46) (end 0.91 0.46) (layer F.CrtYd) (width 0.05))
    (fp_line (start -0.91 -0.46) (end 0.91 -0.46) (layer F.CrtYd) (width 0.05))
    (fp_line (start -0.91 0.46) (end -0.91 -0.46) (layer F.CrtYd) (width 0.05))
    (fp_line (start -0.107836 0.36) (end 0.107836 0.36) (layer F.SilkS) (width 0.12))
    (fp_line (start -0.107836 -0.36) (end 0.107836 -0.36) (layer F.SilkS) (width 0.12))
    (fp_line (start 0.5 0.25) (end -0.5 0.25) (layer F.Fab) (width 0.1))
    (fp_line (start 0.5 -0.25) (end 0.5 0.25) (layer F.Fab) (width 0.1))
    (fp_line (start -0.5 -0.25) (end 0.5 -0.25) (layer F.Fab) (width 0.1))
    (fp_line (start -0.5 0.25) (end -0.5 -0.25) (layer F.Fab) (width 0.1))
    (fp_text user %R (at 0 0 90) (layer F.Fab)
      (effects (font (size 0.25 0.25) (thickness 0.04)))
    )
    (pad 2 smd roundrect (at 0.48 0 90) (size 0.56 0.62) (layers F.Cu F.Paste F.Mask) (roundrect_rratio 0.25)
      (net 5 "Net-(C5-Pad2)"))
    (pad 1 smd roundrect (at -0.48 0 90) (size 0.56 0.62) (layers F.Cu F.Paste F.Mask) (roundrect_rratio 0.25)
      (net 1 GNDREF))
    (model ${KISYS3DMOD}/Capacitor_SMD.3dshapes/C_0402_1005Metric.wrl
      (at (xyz 0 0 0))
      (scale (xyz 1 1 1))
      (rotate (xyz 0 0 0))
    )
  )

  (module Capacitor_SMD:C_0402_1005Metric (layer F.Cu) (tedit 5F68FEEE) (tstamp 61A0B576)
    (at 127.315001 8.755001)
    (descr "Capacitor SMD 0402 (1005 Metric), square (rectangular) end terminal, IPC_7351 nominal, (Body size source: IPC-SM-782 page 76, https://www.pcb-3d.com/wordpress/wp-content/uploads/ipc-sm-782a_amendment_1_and_2.pdf), generated with kicad-footprint-generator")
    (tags capacitor)
    (path /61A1D8D1)
    (attr smd)
    (fp_text reference C6 (at 0 -1.16) (layer F.SilkS)
      (effects (font (size 1 1) (thickness 0.15)))
    )
    (fp_text value 22pf (at 0 1.16) (layer F.Fab)
      (effects (font (size 1 1) (thickness 0.15)))
    )
    (fp_line (start -0.5 0.25) (end -0.5 -0.25) (layer F.Fab) (width 0.1))
    (fp_line (start -0.5 -0.25) (end 0.5 -0.25) (layer F.Fab) (width 0.1))
    (fp_line (start 0.5 -0.25) (end 0.5 0.25) (layer F.Fab) (width 0.1))
    (fp_line (start 0.5 0.25) (end -0.5 0.25) (layer F.Fab) (width 0.1))
    (fp_line (start -0.107836 -0.36) (end 0.107836 -0.36) (layer F.SilkS) (width 0.12))
    (fp_line (start -0.107836 0.36) (end 0.107836 0.36) (layer F.SilkS) (width 0.12))
    (fp_line (start -0.91 0.46) (end -0.91 -0.46) (layer F.CrtYd) (width 0.05))
    (fp_line (start -0.91 -0.46) (end 0.91 -0.46) (layer F.CrtYd) (width 0.05))
    (fp_line (start 0.91 -0.46) (end 0.91 0.46) (layer F.CrtYd) (width 0.05))
    (fp_line (start 0.91 0.46) (end -0.91 0.46) (layer F.CrtYd) (width 0.05))
    (fp_text user %R (at 0 0) (layer F.Fab)
      (effects (font (size 0.25 0.25) (thickness 0.04)))
    )
    (pad 1 smd roundrect (at -0.48 0) (size 0.56 0.62) (layers F.Cu F.Paste F.Mask) (roundrect_rratio 0.25)
      (net 1 GNDREF))
    (pad 2 smd roundrect (at 0.48 0) (size 0.56 0.62) (layers F.Cu F.Paste F.Mask) (roundrect_rratio 0.25)
      (net 6 "Net-(C6-Pad2)"))
    (model ${KISYS3DMOD}/Capacitor_SMD.3dshapes/C_0402_1005Metric.wrl
      (at (xyz 0 0 0))
      (scale (xyz 1 1 1))
      (rotate (xyz 0 0 0))
    )
  )

  (module Capacitor_SMD:C_0402_1005Metric (layer F.Cu) (tedit 5F68FEEE) (tstamp 61A0B587)
    (at 121.92 11.43 90)
    (descr "Capacitor SMD 0402 (1005 Metric), square (rectangular) end terminal, IPC_7351 nominal, (Body size source: IPC-SM-782 page 76, https://www.pcb-3d.com/wordpress/wp-content/uploads/ipc-sm-782a_amendment_1_and_2.pdf), generated with kicad-footprint-generator")
    (tags capacitor)
    (path /61E3E5EB)
    (attr smd)
    (fp_text reference C7 (at 0 -1.16 90) (layer F.SilkS)
      (effects (font (size 1 1) (thickness 0.15)))
    )
    (fp_text value 100uF (at 0 1.16 90) (layer F.Fab)
      (effects (font (size 1 1) (thickness 0.15)))
    )
    (fp_line (start 0.91 0.46) (end -0.91 0.46) (layer F.CrtYd) (width 0.05))
    (fp_line (start 0.91 -0.46) (end 0.91 0.46) (layer F.CrtYd) (width 0.05))
    (fp_line (start -0.91 -0.46) (end 0.91 -0.46) (layer F.CrtYd) (width 0.05))
    (fp_line (start -0.91 0.46) (end -0.91 -0.46) (layer F.CrtYd) (width 0.05))
    (fp_line (start -0.107836 0.36) (end 0.107836 0.36) (layer F.SilkS) (width 0.12))
    (fp_line (start -0.107836 -0.36) (end 0.107836 -0.36) (layer F.SilkS) (width 0.12))
    (fp_line (start 0.5 0.25) (end -0.5 0.25) (layer F.Fab) (width 0.1))
    (fp_line (start 0.5 -0.25) (end 0.5 0.25) (layer F.Fab) (width 0.1))
    (fp_line (start -0.5 -0.25) (end 0.5 -0.25) (layer F.Fab) (width 0.1))
    (fp_line (start -0.5 0.25) (end -0.5 -0.25) (layer F.Fab) (width 0.1))
    (fp_text user %R (at 0 0 90) (layer F.Fab)
      (effects (font (size 0.25 0.25) (thickness 0.04)))
    )
    (pad 2 smd roundrect (at 0.48 0 90) (size 0.56 0.62) (layers F.Cu F.Paste F.Mask) (roundrect_rratio 0.25)
      (net 1 GNDREF))
    (pad 1 smd roundrect (at -0.48 0 90) (size 0.56 0.62) (layers F.Cu F.Paste F.Mask) (roundrect_rratio 0.25)
      (net 3 Vin))
    (model ${KISYS3DMOD}/Capacitor_SMD.3dshapes/C_0402_1005Metric.wrl
      (at (xyz 0 0 0))
      (scale (xyz 1 1 1))
      (rotate (xyz 0 0 0))
    )
  )

  (module Capacitor_SMD:C_0402_1005Metric (layer F.Cu) (tedit 5F68FEEE) (tstamp 61A0B598)
    (at 123.19 10.64 90)
    (descr "Capacitor SMD 0402 (1005 Metric), square (rectangular) end terminal, IPC_7351 nominal, (Body size source: IPC-SM-782 page 76, https://www.pcb-3d.com/wordpress/wp-content/uploads/ipc-sm-782a_amendment_1_and_2.pdf), generated with kicad-footprint-generator")
    (tags capacitor)
    (path /61E3EF57)
    (attr smd)
    (fp_text reference C8 (at 0 -1.16 90) (layer F.SilkS)
      (effects (font (size 1 1) (thickness 0.15)))
    )
    (fp_text value 100uF (at 0 1.16 90) (layer F.Fab)
      (effects (font (size 1 1) (thickness 0.15)))
    )
    (fp_line (start -0.5 0.25) (end -0.5 -0.25) (layer F.Fab) (width 0.1))
    (fp_line (start -0.5 -0.25) (end 0.5 -0.25) (layer F.Fab) (width 0.1))
    (fp_line (start 0.5 -0.25) (end 0.5 0.25) (layer F.Fab) (width 0.1))
    (fp_line (start 0.5 0.25) (end -0.5 0.25) (layer F.Fab) (width 0.1))
    (fp_line (start -0.107836 -0.36) (end 0.107836 -0.36) (layer F.SilkS) (width 0.12))
    (fp_line (start -0.107836 0.36) (end 0.107836 0.36) (layer F.SilkS) (width 0.12))
    (fp_line (start -0.91 0.46) (end -0.91 -0.46) (layer F.CrtYd) (width 0.05))
    (fp_line (start -0.91 -0.46) (end 0.91 -0.46) (layer F.CrtYd) (width 0.05))
    (fp_line (start 0.91 -0.46) (end 0.91 0.46) (layer F.CrtYd) (width 0.05))
    (fp_line (start 0.91 0.46) (end -0.91 0.46) (layer F.CrtYd) (width 0.05))
    (fp_text user %R (at 0 0 90) (layer F.Fab)
      (effects (font (size 0.25 0.25) (thickness 0.04)))
    )
    (pad 1 smd roundrect (at -0.48 0 90) (size 0.56 0.62) (layers F.Cu F.Paste F.Mask) (roundrect_rratio 0.25)
      (net 7 5V))
    (pad 2 smd roundrect (at 0.48 0 90) (size 0.56 0.62) (layers F.Cu F.Paste F.Mask) (roundrect_rratio 0.25)
      (net 1 GNDREF))
    (model ${KISYS3DMOD}/Capacitor_SMD.3dshapes/C_0402_1005Metric.wrl
      (at (xyz 0 0 0))
      (scale (xyz 1 1 1))
      (rotate (xyz 0 0 0))
    )
  )

  (module Capacitor_SMD:C_0402_1005Metric (layer F.Cu) (tedit 5F68FEEE) (tstamp 61A0B5A9)
    (at 127.315001 10.725001)
    (descr "Capacitor SMD 0402 (1005 Metric), square (rectangular) end terminal, IPC_7351 nominal, (Body size source: IPC-SM-782 page 76, https://www.pcb-3d.com/wordpress/wp-content/uploads/ipc-sm-782a_amendment_1_and_2.pdf), generated with kicad-footprint-generator")
    (tags capacitor)
    (path /61A8B103)
    (attr smd)
    (fp_text reference C9 (at 0 -1.16) (layer F.SilkS)
      (effects (font (size 1 1) (thickness 0.15)))
    )
    (fp_text value 100nF (at 0 1.16) (layer F.Fab)
      (effects (font (size 1 1) (thickness 0.15)))
    )
    (fp_line (start 0.91 0.46) (end -0.91 0.46) (layer F.CrtYd) (width 0.05))
    (fp_line (start 0.91 -0.46) (end 0.91 0.46) (layer F.CrtYd) (width 0.05))
    (fp_line (start -0.91 -0.46) (end 0.91 -0.46) (layer F.CrtYd) (width 0.05))
    (fp_line (start -0.91 0.46) (end -0.91 -0.46) (layer F.CrtYd) (width 0.05))
    (fp_line (start -0.107836 0.36) (end 0.107836 0.36) (layer F.SilkS) (width 0.12))
    (fp_line (start -0.107836 -0.36) (end 0.107836 -0.36) (layer F.SilkS) (width 0.12))
    (fp_line (start 0.5 0.25) (end -0.5 0.25) (layer F.Fab) (width 0.1))
    (fp_line (start 0.5 -0.25) (end 0.5 0.25) (layer F.Fab) (width 0.1))
    (fp_line (start -0.5 -0.25) (end 0.5 -0.25) (layer F.Fab) (width 0.1))
    (fp_line (start -0.5 0.25) (end -0.5 -0.25) (layer F.Fab) (width 0.1))
    (fp_text user %R (at 0 0) (layer F.Fab)
      (effects (font (size 0.25 0.25) (thickness 0.04)))
    )
    (pad 2 smd roundrect (at 0.48 0) (size 0.56 0.62) (layers F.Cu F.Paste F.Mask) (roundrect_rratio 0.25)
      (net 1 GNDREF))
    (pad 1 smd roundrect (at -0.48 0) (size 0.56 0.62) (layers F.Cu F.Paste F.Mask) (roundrect_rratio 0.25)
      (net 7 5V))
    (model ${KISYS3DMOD}/Capacitor_SMD.3dshapes/C_0402_1005Metric.wrl
      (at (xyz 0 0 0))
      (scale (xyz 1 1 1))
      (rotate (xyz 0 0 0))
    )
  )

  (module LED_SMD:LED_0201_0603Metric (layer F.Cu) (tedit 5F68FEF1) (tstamp 61A0B5BD)
    (at 133.35 -3.81)
    (descr "LED SMD 0201 (0603 Metric), square (rectangular) end terminal, IPC_7351 nominal, (Body size source: https://www.vishay.com/docs/20052/crcw0201e3.pdf), generated with kicad-footprint-generator")
    (tags LED)
    (path /61D4FC40)
    (attr smd)
    (fp_text reference D1 (at 0 -1.05) (layer F.SilkS)
      (effects (font (size 1 1) (thickness 0.15)))
    )
    (fp_text value LED (at 0 1.05) (layer F.Fab)
      (effects (font (size 1 1) (thickness 0.15)))
    )
    (fp_circle (center -0.86 0) (end -0.81 0) (layer F.SilkS) (width 0.1))
    (fp_line (start -0.3 0.15) (end -0.3 -0.15) (layer F.Fab) (width 0.1))
    (fp_line (start -0.3 -0.15) (end 0.3 -0.15) (layer F.Fab) (width 0.1))
    (fp_line (start 0.3 -0.15) (end 0.3 0.15) (layer F.Fab) (width 0.1))
    (fp_line (start 0.3 0.15) (end -0.3 0.15) (layer F.Fab) (width 0.1))
    (fp_line (start -0.2 0.15) (end -0.2 -0.15) (layer F.Fab) (width 0.1))
    (fp_line (start -0.1 0.15) (end -0.1 -0.15) (layer F.Fab) (width 0.1))
    (fp_line (start -0.7 0.35) (end -0.7 -0.35) (layer F.CrtYd) (width 0.05))
    (fp_line (start -0.7 -0.35) (end 0.7 -0.35) (layer F.CrtYd) (width 0.05))
    (fp_line (start 0.7 -0.35) (end 0.7 0.35) (layer F.CrtYd) (width 0.05))
    (fp_line (start 0.7 0.35) (end -0.7 0.35) (layer F.CrtYd) (width 0.05))
    (fp_text user %R (at 0 -0.68) (layer F.Fab)
      (effects (font (size 0.25 0.25) (thickness 0.04)))
    )
    (pad "" smd roundrect (at -0.345 0) (size 0.318 0.36) (layers F.Paste) (roundrect_rratio 0.25))
    (pad "" smd roundrect (at 0.345 0) (size 0.318 0.36) (layers F.Paste) (roundrect_rratio 0.25))
    (pad 1 smd roundrect (at -0.32 0) (size 0.46 0.4) (layers F.Cu F.Mask) (roundrect_rratio 0.25)
      (net 1 GNDREF))
    (pad 2 smd roundrect (at 0.32 0) (size 0.46 0.4) (layers F.Cu F.Mask) (roundrect_rratio 0.25)
      (net 8 "Net-(D1-Pad2)"))
    (model ${KISYS3DMOD}/LED_SMD.3dshapes/LED_0201_0603Metric.wrl
      (at (xyz 0 0 0))
      (scale (xyz 1 1 1))
      (rotate (xyz 0 0 0))
    )
  )

  (module LED_SMD:LED_0201_0603Metric (layer F.Cu) (tedit 5F68FEF1) (tstamp 61A0B5D1)
    (at 135.89 -1.27)
    (descr "LED SMD 0201 (0603 Metric), square (rectangular) end terminal, IPC_7351 nominal, (Body size source: https://www.vishay.com/docs/20052/crcw0201e3.pdf), generated with kicad-footprint-generator")
    (tags LED)
    (path /61D521F5)
    (attr smd)
    (fp_text reference D2 (at 0 -1.05) (layer F.SilkS)
      (effects (font (size 1 1) (thickness 0.15)))
    )
    (fp_text value LED (at 0 1.05) (layer F.Fab)
      (effects (font (size 1 1) (thickness 0.15)))
    )
    (fp_line (start 0.7 0.35) (end -0.7 0.35) (layer F.CrtYd) (width 0.05))
    (fp_line (start 0.7 -0.35) (end 0.7 0.35) (layer F.CrtYd) (width 0.05))
    (fp_line (start -0.7 -0.35) (end 0.7 -0.35) (layer F.CrtYd) (width 0.05))
    (fp_line (start -0.7 0.35) (end -0.7 -0.35) (layer F.CrtYd) (width 0.05))
    (fp_line (start -0.1 0.15) (end -0.1 -0.15) (layer F.Fab) (width 0.1))
    (fp_line (start -0.2 0.15) (end -0.2 -0.15) (layer F.Fab) (width 0.1))
    (fp_line (start 0.3 0.15) (end -0.3 0.15) (layer F.Fab) (width 0.1))
    (fp_line (start 0.3 -0.15) (end 0.3 0.15) (layer F.Fab) (width 0.1))
    (fp_line (start -0.3 -0.15) (end 0.3 -0.15) (layer F.Fab) (width 0.1))
    (fp_line (start -0.3 0.15) (end -0.3 -0.15) (layer F.Fab) (width 0.1))
    (fp_circle (center -0.86 0) (end -0.81 0) (layer F.SilkS) (width 0.1))
    (fp_text user %R (at 0 -0.68) (layer F.Fab)
      (effects (font (size 0.25 0.25) (thickness 0.04)))
    )
    (pad 2 smd roundrect (at 0.32 0) (size 0.46 0.4) (layers F.Cu F.Mask) (roundrect_rratio 0.25)
      (net 9 "Net-(D2-Pad2)"))
    (pad 1 smd roundrect (at -0.32 0) (size 0.46 0.4) (layers F.Cu F.Mask) (roundrect_rratio 0.25)
      (net 1 GNDREF))
    (pad "" smd roundrect (at 0.345 0) (size 0.318 0.36) (layers F.Paste) (roundrect_rratio 0.25))
    (pad "" smd roundrect (at -0.345 0) (size 0.318 0.36) (layers F.Paste) (roundrect_rratio 0.25))
    (model ${KISYS3DMOD}/LED_SMD.3dshapes/LED_0201_0603Metric.wrl
      (at (xyz 0 0 0))
      (scale (xyz 1 1 1))
      (rotate (xyz 0 0 0))
    )
  )

  (module Diode_SMD:D_0402_1005Metric (layer F.Cu) (tedit 5F68FEF0) (tstamp 61A0B5E3)
    (at 137.16 1.27)
    (descr "Diode SMD 0402 (1005 Metric), square (rectangular) end terminal, IPC_7351 nominal, (Body size source: http://www.tortai-tech.com/upload/download/2011102023233369053.pdf), generated with kicad-footprint-generator")
    (tags diode)
    (path /61A8228E)
    (attr smd)
    (fp_text reference D3 (at 0 -1.17) (layer F.SilkS)
      (effects (font (size 1 1) (thickness 0.15)))
    )
    (fp_text value D (at 0 1.17) (layer F.Fab)
      (effects (font (size 1 1) (thickness 0.15)))
    )
    (fp_circle (center -1.09 0) (end -1.04 0) (layer F.SilkS) (width 0.1))
    (fp_line (start -0.5 0.25) (end -0.5 -0.25) (layer F.Fab) (width 0.1))
    (fp_line (start -0.5 -0.25) (end 0.5 -0.25) (layer F.Fab) (width 0.1))
    (fp_line (start 0.5 -0.25) (end 0.5 0.25) (layer F.Fab) (width 0.1))
    (fp_line (start 0.5 0.25) (end -0.5 0.25) (layer F.Fab) (width 0.1))
    (fp_line (start -0.4 0.25) (end -0.4 -0.25) (layer F.Fab) (width 0.1))
    (fp_line (start -0.3 0.25) (end -0.3 -0.25) (layer F.Fab) (width 0.1))
    (fp_line (start -0.93 0.47) (end -0.93 -0.47) (layer F.CrtYd) (width 0.05))
    (fp_line (start -0.93 -0.47) (end 0.93 -0.47) (layer F.CrtYd) (width 0.05))
    (fp_line (start 0.93 -0.47) (end 0.93 0.47) (layer F.CrtYd) (width 0.05))
    (fp_line (start 0.93 0.47) (end -0.93 0.47) (layer F.CrtYd) (width 0.05))
    (fp_text user %R (at 0 0) (layer F.Fab)
      (effects (font (size 0.25 0.25) (thickness 0.04)))
    )
    (pad 1 smd roundrect (at -0.485 0) (size 0.59 0.64) (layers F.Cu F.Paste F.Mask) (roundrect_rratio 0.25)
      (net 10 "Net-(D3-Pad1)"))
    (pad 2 smd roundrect (at 0.485 0) (size 0.59 0.64) (layers F.Cu F.Paste F.Mask) (roundrect_rratio 0.25)
      (net 11 "Net-(D3-Pad2)"))
    (model ${KISYS3DMOD}/Diode_SMD.3dshapes/D_0402_1005Metric.wrl
      (at (xyz 0 0 0))
      (scale (xyz 1 1 1))
      (rotate (xyz 0 0 0))
    )
  )

  (module Connector_PinHeader_1.00mm:PinHeader_1x03_P1.00mm_Vertical (layer F.Cu) (tedit 59FED738) (tstamp 61A0B5FC)
    (at 124.46 25.4 270)
    (descr "Through hole straight pin header, 1x03, 1.00mm pitch, single row")
    (tags "Through hole pin header THT 1x03 1.00mm single row")
    (path /61D1D09A)
    (fp_text reference J1 (at 0 -1.56 90) (layer F.SilkS)
      (effects (font (size 1 1) (thickness 0.15)))
    )
    (fp_text value Conn_01x03 (at 0 3.56 90) (layer F.Fab)
      (effects (font (size 1 1) (thickness 0.15)))
    )
    (fp_line (start -0.3175 -0.5) (end 0.635 -0.5) (layer F.Fab) (width 0.1))
    (fp_line (start 0.635 -0.5) (end 0.635 2.5) (layer F.Fab) (width 0.1))
    (fp_line (start 0.635 2.5) (end -0.635 2.5) (layer F.Fab) (width 0.1))
    (fp_line (start -0.635 2.5) (end -0.635 -0.1825) (layer F.Fab) (width 0.1))
    (fp_line (start -0.635 -0.1825) (end -0.3175 -0.5) (layer F.Fab) (width 0.1))
    (fp_line (start -0.695 2.56) (end -0.394493 2.56) (layer F.SilkS) (width 0.12))
    (fp_line (start 0.394493 2.56) (end 0.695 2.56) (layer F.SilkS) (width 0.12))
    (fp_line (start -0.695 0.685) (end -0.695 2.56) (layer F.SilkS) (width 0.12))
    (fp_line (start 0.695 0.685) (end 0.695 2.56) (layer F.SilkS) (width 0.12))
    (fp_line (start -0.695 0.685) (end -0.608276 0.685) (layer F.SilkS) (width 0.12))
    (fp_line (start 0.608276 0.685) (end 0.695 0.685) (layer F.SilkS) (width 0.12))
    (fp_line (start -0.695 0) (end -0.695 -0.685) (layer F.SilkS) (width 0.12))
    (fp_line (start -0.695 -0.685) (end 0 -0.685) (layer F.SilkS) (width 0.12))
    (fp_line (start -1.15 -1) (end -1.15 3) (layer F.CrtYd) (width 0.05))
    (fp_line (start -1.15 3) (end 1.15 3) (layer F.CrtYd) (width 0.05))
    (fp_line (start 1.15 3) (end 1.15 -1) (layer F.CrtYd) (width 0.05))
    (fp_line (start 1.15 -1) (end -1.15 -1) (layer F.CrtYd) (width 0.05))
    (fp_text user %R (at 0 1) (layer F.Fab)
      (effects (font (size 0.76 0.76) (thickness 0.114)))
    )
    (pad 1 thru_hole rect (at 0 0 270) (size 0.85 0.85) (drill 0.5) (layers *.Cu *.Mask)
      (net 7 5V))
    (pad 2 thru_hole oval (at 0 1 270) (size 0.85 0.85) (drill 0.5) (layers *.Cu *.Mask)
      (net 2 VCC))
    (pad 3 thru_hole oval (at 0 2 270) (size 0.85 0.85) (drill 0.5) (layers *.Cu *.Mask)
      (net 12 5VUSB))
    (model ${KISYS3DMOD}/Connector_PinHeader_1.00mm.3dshapes/PinHeader_1x03_P1.00mm_Vertical.wrl
      (at (xyz 0 0 0))
      (scale (xyz 1 1 1))
      (rotate (xyz 0 0 0))
    )
  )

  (module Connector_PinSocket_1.00mm:PinSocket_1x02_P1.00mm_Vertical_SMD_Pin1Left (layer F.Cu) (tedit 5A19A41F) (tstamp 61A0B662)
    (at 97.79 -7.62)
    (descr "surface-mounted straight socket strip, 1x02, 1.00mm pitch, single row, style 1 (pin 1 left) (https://gct.co/files/drawings/bc070.pdf), script generated")
    (tags "Surface mounted socket strip SMD 1x02 1.00mm single row style1 pin1 left")
    (path /61AC73A2)
    (attr smd)
    (fp_text reference J4 (at 0 -2.75) (layer F.SilkS)
      (effects (font (size 1 1) (thickness 0.15)))
    )
    (fp_text value Conn_01x02 (at 0 2.75) (layer F.Fab)
      (effects (font (size 1 1) (thickness 0.15)))
    )
    (fp_line (start -0.81 -1.31) (end 0.81 -1.31) (layer F.SilkS) (width 0.12))
    (fp_line (start 0.81 -1.31) (end 0.81 -0.01) (layer F.SilkS) (width 0.12))
    (fp_line (start 0.81 1.01) (end 0.81 1.31) (layer F.SilkS) (width 0.12))
    (fp_line (start -0.81 1.31) (end 0.81 1.31) (layer F.SilkS) (width 0.12))
    (fp_line (start -0.81 -1.31) (end -0.81 -1.01) (layer F.SilkS) (width 0.12))
    (fp_line (start -0.81 0.01) (end -0.81 1.31) (layer F.SilkS) (width 0.12))
    (fp_line (start -1.89 -1.01) (end -0.81 -1.01) (layer F.SilkS) (width 0.12))
    (fp_line (start -0.375 -1.25) (end 0.75 -1.25) (layer F.Fab) (width 0.1))
    (fp_line (start 0.75 -1.25) (end 0.75 1.25) (layer F.Fab) (width 0.1))
    (fp_line (start 0.75 1.25) (end -0.75 1.25) (layer F.Fab) (width 0.1))
    (fp_line (start -0.75 1.25) (end -0.75 -0.875) (layer F.Fab) (width 0.1))
    (fp_line (start -0.75 -0.875) (end -0.375 -1.25) (layer F.Fab) (width 0.1))
    (fp_line (start -1.45 -0.65) (end -0.75 -0.65) (layer F.Fab) (width 0.1))
    (fp_line (start -0.75 -0.35) (end -1.45 -0.35) (layer F.Fab) (width 0.1))
    (fp_line (start -1.45 -0.35) (end -1.45 -0.65) (layer F.Fab) (width 0.1))
    (fp_line (start 0.75 0.35) (end 1.45 0.35) (layer F.Fab) (width 0.1))
    (fp_line (start 1.45 0.35) (end 1.45 0.65) (layer F.Fab) (width 0.1))
    (fp_line (start 1.45 0.65) (end 0.75 0.65) (layer F.Fab) (width 0.1))
    (fp_line (start -2.45 -1.75) (end 2.45 -1.75) (layer F.CrtYd) (width 0.05))
    (fp_line (start 2.45 -1.75) (end 2.45 1.75) (layer F.CrtYd) (width 0.05))
    (fp_line (start 2.45 1.75) (end -2.45 1.75) (layer F.CrtYd) (width 0.05))
    (fp_line (start -2.45 1.75) (end -2.45 -1.75) (layer F.CrtYd) (width 0.05))
    (fp_text user %R (at 0 0 90) (layer F.Fab)
      (effects (font (size 0.9 0.9) (thickness 0.14)))
    )
    (pad 1 smd rect (at -0.975 -0.5) (size 1.95 0.5) (layers F.Cu F.Paste F.Mask)
      (net 1 GNDREF))
    (pad 2 smd rect (at 0.975 0.5) (size 1.95 0.5) (layers F.Cu F.Paste F.Mask)
      (net 10 "Net-(D3-Pad1)"))
    (model ${KISYS3DMOD}/Connector_PinSocket_1.00mm.3dshapes/PinSocket_1x02_P1.00mm_Vertical_SMD_Pin1Left.wrl
      (at (xyz 0 0 0))
      (scale (xyz 1 1 1))
      (rotate (xyz 0 0 0))
    )
  )

  (module Connector_BarrelJack:BarrelJack_CUI_PJ-063AH_Horizontal (layer F.Cu) (tedit 5B0886BD) (tstamp 61A0B67F)
    (at 100.33 -12.7 180)
    (descr "Barrel Jack, 2.0mm ID, 5.5mm OD, 24V, 8A, no switch, https://www.cui.com/product/resource/pj-063ah.pdf")
    (tags "barrel jack cui dc power")
    (path /61A80B0F)
    (fp_text reference J5 (at 0 -2.3) (layer F.SilkS)
      (effects (font (size 1 1) (thickness 0.15)))
    )
    (fp_text value Barrel_Jack_Switch (at 0 13) (layer F.Fab)
      (effects (font (size 1 1) (thickness 0.15)))
    )
    (fp_line (start -5 -1) (end -1 -1) (layer F.Fab) (width 0.1))
    (fp_line (start -1 -1) (end 0 0) (layer F.Fab) (width 0.1))
    (fp_line (start 0 0) (end 1 -1) (layer F.Fab) (width 0.1))
    (fp_line (start 1 -1) (end 5 -1) (layer F.Fab) (width 0.1))
    (fp_line (start 5 -1) (end 5 12) (layer F.Fab) (width 0.1))
    (fp_line (start 5 12) (end -5 12) (layer F.Fab) (width 0.1))
    (fp_line (start -5 12) (end -5 -1) (layer F.Fab) (width 0.1))
    (fp_line (start -5.11 4.95) (end -5.11 -1.11) (layer F.SilkS) (width 0.12))
    (fp_line (start -5.11 -1.11) (end -2.3 -1.11) (layer F.SilkS) (width 0.12))
    (fp_line (start 2.3 -1.11) (end 5.11 -1.11) (layer F.SilkS) (width 0.12))
    (fp_line (start 5.11 -1.11) (end 5.11 4.95) (layer F.SilkS) (width 0.12))
    (fp_line (start 5.11 9.05) (end 5.11 12.11) (layer F.SilkS) (width 0.12))
    (fp_line (start 5.11 12.11) (end -5.11 12.11) (layer F.SilkS) (width 0.12))
    (fp_line (start -5.11 12.11) (end -5.11 9.05) (layer F.SilkS) (width 0.12))
    (fp_line (start -1 -1.3) (end 1 -1.3) (layer F.SilkS) (width 0.12))
    (fp_line (start -6 -1.5) (end -6 12.5) (layer F.CrtYd) (width 0.05))
    (fp_line (start -6 12.5) (end 6 12.5) (layer F.CrtYd) (width 0.05))
    (fp_line (start 6 12.5) (end 6 -1.5) (layer F.CrtYd) (width 0.05))
    (fp_line (start 6 -1.5) (end -6 -1.5) (layer F.CrtYd) (width 0.05))
    (fp_text user %R (at 0 5.5) (layer F.Fab)
      (effects (font (size 1 1) (thickness 0.15)))
    )
    (pad 1 thru_hole rect (at 0 0 180) (size 4 2) (drill oval 3 1) (layers *.Cu *.Mask)
      (net 11 "Net-(D3-Pad2)"))
    (pad 2 thru_hole oval (at 0 6 180) (size 3.3 2) (drill oval 2.3 1) (layers *.Cu *.Mask)
      (net 1 GNDREF))
    (pad MP thru_hole oval (at -4.5 7 180) (size 2 3.5) (drill oval 1 2.5) (layers *.Cu *.Mask))
    (pad MP thru_hole oval (at 4.5 7 180) (size 2 3.5) (drill oval 1 2.5) (layers *.Cu *.Mask))
    (pad "" np_thru_hole circle (at 0 9 180) (size 1.6 1.6) (drill 1.6) (layers *.Cu *.Mask))
    (model ${KISYS3DMOD}/Connector_BarrelJack.3dshapes/BarrelJack_CUI_PJ-063AH_Horizontal.wrl
      (at (xyz 0 0 0))
      (scale (xyz 1 1 1))
      (rotate (xyz 0 0 0))
    )
  )

  (module Connector_PinSocket_1.27mm:PinSocket_1x06_P1.27mm_Vertical (layer F.Cu) (tedit 5A19A420) (tstamp 61A0B69B)
    (at 96.52 13.97)
    (descr "Through hole straight socket strip, 1x06, 1.27mm pitch, single row (from Kicad 4.0.7), script generated")
    (tags "Through hole socket strip THT 1x06 1.27mm single row")
    (path /61AED140)
    (fp_text reference J6 (at 0 -2.135) (layer F.SilkS)
      (effects (font (size 1 1) (thickness 0.15)))
    )
    (fp_text value Conn_01x06 (at 0 8.485) (layer F.Fab)
      (effects (font (size 1 1) (thickness 0.15)))
    )
    (fp_line (start -1.27 -0.635) (end 0.635 -0.635) (layer F.Fab) (width 0.1))
    (fp_line (start 0.635 -0.635) (end 1.27 0) (layer F.Fab) (width 0.1))
    (fp_line (start 1.27 0) (end 1.27 6.985) (layer F.Fab) (width 0.1))
    (fp_line (start 1.27 6.985) (end -1.27 6.985) (layer F.Fab) (width 0.1))
    (fp_line (start -1.27 6.985) (end -1.27 -0.635) (layer F.Fab) (width 0.1))
    (fp_line (start -1.33 0.635) (end -0.76 0.635) (layer F.SilkS) (width 0.12))
    (fp_line (start 0.76 0.635) (end 1.33 0.635) (layer F.SilkS) (width 0.12))
    (fp_line (start -1.33 0.635) (end -1.33 7.045) (layer F.SilkS) (width 0.12))
    (fp_line (start -1.33 7.045) (end -0.30753 7.045) (layer F.SilkS) (width 0.12))
    (fp_line (start 0.30753 7.045) (end 1.33 7.045) (layer F.SilkS) (width 0.12))
    (fp_line (start 1.33 0.635) (end 1.33 7.045) (layer F.SilkS) (width 0.12))
    (fp_line (start 1.33 -0.76) (end 1.33 0) (layer F.SilkS) (width 0.12))
    (fp_line (start 0 -0.76) (end 1.33 -0.76) (layer F.SilkS) (width 0.12))
    (fp_line (start -1.8 -1.15) (end 1.75 -1.15) (layer F.CrtYd) (width 0.05))
    (fp_line (start 1.75 -1.15) (end 1.75 7.5) (layer F.CrtYd) (width 0.05))
    (fp_line (start 1.75 7.5) (end -1.8 7.5) (layer F.CrtYd) (width 0.05))
    (fp_line (start -1.8 7.5) (end -1.8 -1.15) (layer F.CrtYd) (width 0.05))
    (fp_text user %R (at 0 3.175 90) (layer F.Fab)
      (effects (font (size 1 1) (thickness 0.15)))
    )
    (pad 1 thru_hole rect (at 0 0) (size 1 1) (drill 0.7) (layers *.Cu *.Mask)
      (net 19 A5))
    (pad 2 thru_hole oval (at 0 1.27) (size 1 1) (drill 0.7) (layers *.Cu *.Mask)
      (net 20 A4))
    (pad 3 thru_hole oval (at 0 2.54) (size 1 1) (drill 0.7) (layers *.Cu *.Mask)
      (net 21 A3))
    (pad 4 thru_hole oval (at 0 3.81) (size 1 1) (drill 0.7) (layers *.Cu *.Mask)
      (net 22 A2))
    (pad 5 thru_hole oval (at 0 5.08) (size 1 1) (drill 0.7) (layers *.Cu *.Mask)
      (net 23 A1))
    (pad 6 thru_hole oval (at 0 6.35) (size 1 1) (drill 0.7) (layers *.Cu *.Mask)
      (net 24 A0))
    (model ${KISYS3DMOD}/Connector_PinSocket_1.27mm.3dshapes/PinSocket_1x06_P1.27mm_Vertical.wrl
      (at (xyz 0 0 0))
      (scale (xyz 1 1 1))
      (rotate (xyz 0 0 0))
    )
  )

  (module Connector_PinSocket_1.27mm:PinSocket_1x08_P1.27mm_Vertical (layer F.Cu) (tedit 5A19A42F) (tstamp 61A0B6B9)
    (at 139.7 11.43)
    (descr "Through hole straight socket strip, 1x08, 1.27mm pitch, single row (from Kicad 4.0.7), script generated")
    (tags "Through hole socket strip THT 1x08 1.27mm single row")
    (path /61B2561E)
    (fp_text reference J7 (at 0 -2.135) (layer F.SilkS)
      (effects (font (size 1 1) (thickness 0.15)))
    )
    (fp_text value Conn_01x08 (at 0 11.025) (layer F.Fab)
      (effects (font (size 1 1) (thickness 0.15)))
    )
    (fp_line (start -1.27 -0.635) (end 0.635 -0.635) (layer F.Fab) (width 0.1))
